    261.73     102.23
    269.38      87.50
    403.93     210.23
    111.88      95.41
    295.25     379.63
    161.72      86.57
    404.60     443.47
    174.78     143.43
    357.18     428.69
    403.54     158.91
    334.69     347.88
    139.94     361.02
    369.73     375.41
    134.77     150.36
    401.52     339.59
    255.33     256.59
    303.33     390.93
    197.13     244.22
    362.79     280.10
    267.40     383.95
    195.88     123.98
    417.95     155.83
    163.16     220.33
    282.77     195.73
    270.38     181.74
    340.65     349.24
    382.12     254.08
     72.02     345.02
    189.57     303.85
    379.36     206.26
    407.05     243.08
    374.07     166.58
    271.15     287.61
    280.58     193.80
    349.08     384.30
    263.22     438.74
     72.48      75.00
    357.06     244.79
    136.62     151.21
    346.09     240.13
    211.19     381.73
    279.79     146.00
    305.48     214.55
    381.64     392.64
    407.58     411.23
     78.71     193.11
    323.54     228.41
    389.73     134.94
    427.83     429.67
    281.18     369.00
    185.98     211.30
    129.32      74.46
    125.65     215.15
    116.26     198.62
    360.23     434.37
    109.15     147.92
    373.82     358.01
    119.46      68.26
    413.68     421.28
    320.64      85.55
    292.15     191.35
    239.53     256.08
    424.00      86.67
    249.05      65.01
    125.03     221.71
    245.80     321.08
    406.61     394.24
     65.49     396.42
    337.95     149.05
    287.72     146.36
    114.63     311.10
    129.69     148.62
    256.90     386.96
     91.86     390.39
     77.89     145.92
    410.14     146.34
    431.72     206.20
    154.00     365.52
    410.29     426.66
    349.61      86.93
    375.53     442.78
    238.48     355.09
    121.87     387.75
    216.77     227.57
    351.65     155.41
    341.37      88.36
    406.11     342.93
    211.28      67.82
    292.52     265.99
    308.14     289.92
    372.17     335.88
    333.88     124.79
    317.90     107.10
     85.84     279.82
    245.46     195.53
    386.33     289.19
    137.89     116.93
    435.16     390.99
    420.29     433.87
    186.24     293.08
    358.94     116.88
    371.78     177.39
    132.74     116.39
    219.24      91.93
    165.68      88.10
    289.29     212.74
    189.92     407.85
    165.95     183.09
    302.29     337.79
    247.42     416.40
    307.11     278.21
    311.84      90.20
    201.24     309.98
    380.22     242.02
    359.69      89.01
    383.04     182.19
    438.96     165.26
    315.46     121.88
    161.18     263.16
    206.32      64.12
    338.89     204.49
    193.41     293.67
    268.69     367.06
    161.97     301.68
    367.10     373.99
    333.53      89.20
    340.08     372.47
    279.08     297.53
    237.05     337.47
    222.85     320.33
    414.67     110.83
    107.14     135.81
    416.53     274.70
    217.48     170.37
    184.47     129.87
    342.47     304.48
    237.69     255.40
    402.07     218.68
    243.06     147.05
    150.67      88.70
    156.53     309.71
    428.20     213.80
    179.04     388.64
    443.03     236.81
    418.23     374.08
    392.97     226.85
     66.25     108.68
    191.38      76.12
    393.96      77.55
    388.96      88.63
    357.01     303.52
    143.63     134.02
    194.23      70.61
    260.71     391.49
    308.43     307.75
    311.48     177.75
    150.96     368.03
    138.57     220.39
    170.38     241.82
    324.48     126.07
    405.70      89.41
    202.66     166.20
    382.63     178.07
    354.50      87.51
    162.42     135.23
    441.07     168.17
    228.14      74.46
    259.71     202.48
    341.94     378.25
    315.77     332.07
    190.65     286.18
    327.51     130.32
     70.94     299.53
    207.63     190.98
    218.48     112.32
    254.66     157.64
    390.59     368.96
    395.36     315.92
    232.40     437.97
    402.03      69.04
    418.28     127.56
    293.97     126.65
    382.46     177.66
     92.49      83.52
    394.75     196.36
    210.27     228.32
    428.76     430.26
    283.69     282.53
    385.50     188.67
    424.02     399.23
    386.24     357.68
    106.54     285.64
    130.92     175.76
    167.21     253.23
    121.79     191.94
    281.34     436.29
    364.90     369.39
    270.12     148.88
    241.61      96.51
    342.86     232.14
    262.38     297.37
    273.70     375.78
    448.00     190.64
    149.71      95.91
    174.86     291.35
    107.69     322.89
    170.04     210.82
    404.04      88.74
    237.27     305.76
    326.54     116.98
    138.77     150.37
    235.90     425.29
    327.36     401.11
    270.05     241.71
    260.86     222.56
     93.42     223.24
     86.28     168.65
    184.66     376.72
    232.64     443.95
    443.20     397.77
    225.93     162.21
    418.91     128.07
    122.90     200.85
    392.57     420.70
    194.41     301.35
    293.02     142.00
    306.67     189.48
    360.22     347.94
    267.24     363.55
    154.04     422.87
    271.48     383.15
    353.32     104.63
     81.12     151.10
    250.91     282.73
     83.63     331.73
    360.29     340.23
    135.80     361.59
    427.15      96.52
    288.99     252.25
    291.74     160.93
    198.87     267.11
    401.54     347.00
     84.96     145.74
    379.54     242.26
    423.43     149.90
    368.14     216.80
    220.51     313.09
    249.91     118.13
    315.52     133.11
    262.29      97.33
    272.39     301.95
    243.96      96.62
     87.75      75.75
    223.36     177.01
    350.17     414.72
    104.99      93.97
    424.24      83.01
    193.42     178.43
    380.23     271.79
    235.43     271.35
    134.00     293.79
    252.64     160.84
    128.78     162.04
    178.15     134.54
    183.27     392.39
    270.85     370.70
    203.03     444.99
    113.99     196.06
    170.67     215.01
    147.41      64.51
    221.91     168.50
    423.22     141.90
    345.71     218.48
    409.98     352.26
    255.84     419.30
    120.71     223.05
    116.66     276.53
    305.58     363.78
    241.67     109.55
    397.41     314.55
    198.63     262.64
    110.61     134.42
    217.42      83.15
    104.08     218.35
    350.97     216.66
    310.58     248.13
    257.35     334.21
    129.90     125.52
    409.94     120.49
    137.09     115.45
    310.13     359.78
    108.95     275.27
    425.84     374.44
    136.15     178.02
    392.89      74.28
    291.40     134.57
    256.71      77.89
    346.09     408.19
    291.33     187.69
    156.16     173.67
    412.67     113.14
    308.74     205.44
    345.09      91.01
    174.17     267.31
     88.19     275.68
    359.92     416.97
    285.83     143.21
     92.38      75.73
    346.37     226.12
    344.86     256.32
    153.00     139.85
    266.80     154.42
     79.36     268.24
    271.56     440.92
    376.38     407.96
     85.69     236.84
    348.78     345.33
    164.38     215.19
    278.72     315.69
    110.36     296.39
    423.89     377.84
    231.89     126.85
    323.24     197.99
    386.55     260.86
    282.65     225.15
     86.86     447.22
    159.21      75.26
    379.30     415.68
    131.25     236.98
    149.03     367.16
    295.59     205.50
    114.81     147.93
    267.19     113.18
    341.76     338.63
    109.67     127.97
    332.89     316.52
    120.01     349.36
    247.95     325.60
    356.07     375.83
    169.12     407.42
    302.88     240.44
    165.28     273.96
    262.32     241.85
    186.73     391.12
    427.31     437.48
    391.35     203.84
    136.95     122.15
    173.65     198.87
    129.78     125.78
    419.52     222.49
    138.87     195.37
    122.84     161.39
    380.48     181.74
     92.50     446.62
    437.06     160.72
    127.58     179.01
    183.44     372.62
    358.60     257.91
    245.05     145.72
    201.18     179.97
    224.43     441.68
    261.90     165.26
    360.10     337.62
    389.71     134.20
     86.50     230.80
    390.08      92.06
    194.62      69.30
    409.31     410.47
    326.72     388.54
    354.53     148.75
    219.49     138.97
    154.20      96.60
     93.36      75.79
    254.59     419.92
    219.36     217.15
    104.48      86.84
    434.13     253.88
    333.16     396.54
    133.55     374.93
    147.49     242.12
    210.50     251.26
    153.89     157.71
    225.29     394.11
    124.04     390.72
    140.12     187.94
    237.32     218.43
    198.19     126.47
    123.57     191.57
     92.33     289.76
    164.16     199.86
     99.22     228.96
    315.88      72.91
    343.08     254.05
    294.86      91.17
    143.11     152.58
    218.29     323.58
    262.50     276.38
    317.33     444.85
    174.77     151.22
    365.37     373.92
    377.71     245.71
    377.66     130.04
    378.28     370.39
    319.27     152.16
    318.43     443.39
    330.00     302.51
    289.73     384.50
     85.99     230.30
    267.02     196.39
    424.93     146.61
    419.56     362.98
    233.60     320.62
    130.44     352.16
    435.10     348.33
    337.42     112.77
    402.60     192.17
    142.32     213.78
    392.61      64.52
    280.09     305.61
    391.44     365.07
    313.41     212.78
    155.77     284.37
    429.50     427.86
    212.95     425.81
    192.87      73.21
     64.09     198.20
    153.43     307.75
    199.29     405.53
    344.85     217.98
    127.23     147.10
     74.67     103.68
    265.81     371.91
    187.15     243.27
    104.33     441.39
    383.73     128.10
    326.94     200.24
    328.38     322.10
    338.50      92.18
    156.99     400.41
     83.25     424.23
    103.45     271.92
    307.52     192.29
    234.76     340.12
    133.45     265.04
    304.23     277.78
    325.59     148.38
    228.90     133.02
    413.61     378.50
    306.64      94.94
    211.99     137.80
    339.30     340.83
    283.76     169.77
    197.65     171.59
    176.47     160.65
    384.72     248.36
    223.42     192.39
    280.25     230.68
    176.69     396.20
    219.88      97.67
    231.64     425.97
    217.80      79.48
    447.81     173.27
    155.15     199.75
    396.56     309.87
    300.51     308.66
    140.77     245.05
    417.60     141.06
    247.10     152.02
    368.36     299.52
    165.20     212.82
    134.52     353.63
    292.46     263.32
    166.28     251.42
    402.19     338.58
    152.98     178.72
    154.96     316.94
    437.17     253.43
    444.21     251.74
    166.50     238.52
    410.99     303.61
    209.86     365.75
    273.21     404.21
    420.54     226.24
    183.60     214.76
    155.38     435.96
    401.09     330.25
    406.32     153.81
    124.50     220.07
    246.66     115.88
    241.11     103.16
    300.98     309.13
    116.72     273.29
     77.74     276.69
    335.25     426.84
    287.68     146.39
    106.79     166.71
    350.01      95.60
    203.40     181.05
    302.93     134.24
    219.22     298.72
    265.77     368.11
    410.57     423.30
    234.64     304.82
    259.57     113.83
    101.63     390.74
    182.78     209.21
    220.77      83.72
    143.97     366.27
    168.80     213.36
     73.78     334.01
    176.63     133.10
    226.61     215.02
    283.03     285.23
    404.69      91.56
    204.28     155.35
    345.94     326.87
    378.31     197.59
    349.27     274.56
    215.33     192.76
    341.40     149.47
    263.50     269.22
    112.63     189.36
    225.47     376.42
    102.09      85.54
    264.77     249.64
    104.15     136.73
    154.77     409.12
    141.33     162.83
    312.27     447.94
    323.89     328.91
    368.88     375.03
    152.39     247.01
    162.59     209.59
    128.83     205.92
    426.96     445.37
    120.92     264.27
    389.38     117.41
    214.98      85.64
     70.45     224.30
    211.94     252.35
    185.11     291.02
    173.49      90.69
    124.13     179.09
     83.51     301.67
    342.53     338.99
    355.23     331.25
    345.23     261.82
    201.05     234.22
    100.61     168.63
     74.88      78.60
    135.45     330.59
    137.05     352.19
    122.23     145.23
    162.08     305.75
    416.73     207.72
     68.76     118.64
    443.58     136.38
    124.16     213.75
    361.51     446.53
    333.32      95.92
    266.32      65.34
    325.70     225.90
    421.75     314.55
    270.84     395.36
    294.66     226.44
    318.21      82.99
    219.01      85.70
    300.09     384.43
    273.32     205.08
    422.12     369.20
    312.10     307.36
    205.98     251.00
    238.02     149.92
    173.03     213.83
    404.00     217.94
    215.04      76.43
    277.63     321.01
    144.43     422.58
    218.46     182.80
    150.19     199.69
    299.36     141.21
    389.78     207.13
    220.70     403.24
    329.59     348.95
    379.47     365.13
    229.79     423.35
    360.49      77.10
     82.84     336.09
    404.17     199.85
     85.28      67.56
    271.62     111.47
    336.92     220.13
    366.23     217.09
    370.71     272.97
    345.59     114.07
    318.18     104.53
    255.66     202.78
    338.12     307.72
    430.38     431.35
     92.83     174.43
     81.30     225.38
     74.22     419.75
    119.63     269.79
    191.37     278.86
    395.97     271.30
    269.31     433.72
    414.71     427.52
     66.32     119.65
    285.45     217.59
    436.62     378.59
    304.90     220.96
    120.50     186.75
    144.15     357.37
    423.76     180.90
    254.79     286.28
    348.80     255.89
    316.17      82.18
    112.82      66.12
    403.81     400.45
    403.23      71.50
    287.06     313.92
    148.98     330.34
    376.90     401.76
    162.71     121.07
    205.27     214.30
    103.61     369.51
     72.52     285.06
    184.60     129.95
    206.63     423.15
    201.76     103.95
    438.74     211.01
    348.74     194.84
    245.21     304.46
    356.39     415.09
     80.37     354.39
    105.39     162.14
    117.37     256.05
    130.05     223.60
    164.68     210.22
    237.66     287.07
    397.62     387.68
    253.66      78.11
    360.60     443.38
    433.89     429.53
     98.30     413.09
    319.61     326.55
    445.06     138.13
    279.19     156.76
    257.96     330.63
    423.81     140.34
    236.86     119.49
     72.92     217.46
    415.49     122.80
    257.81     422.70
    427.95     284.34
    362.05     280.85
    189.13     286.12
     70.27      95.00
    427.67     428.20
    157.15     311.13
    146.97     375.52
    130.92     447.00
    168.22     268.24
    209.84     374.58
    432.35     325.23
    214.49     207.42
    256.21     413.04
     91.72     333.21
    279.35      78.04
    313.58      84.58
    156.39     123.75
    152.13     174.14
    433.26     236.76
    170.65      73.78
    385.85     252.19
    420.11     120.64
    353.69     421.07
    213.24     243.45
    174.94     389.04
    271.63     284.61
    145.20     370.68
    441.02     139.82
     82.46     242.59
    215.06     276.64
    289.06     235.29
    145.50     358.54
    410.95     354.04
    416.06     377.49
    102.91     223.02
    209.28     293.15
    445.21     447.21
    119.04     344.99
    194.78      84.41
    315.89      64.43
    346.37     123.39
    375.35      64.72
    410.53     123.46
    178.56     120.13
    415.71     399.87
    156.06     165.43
    405.73     340.83
    139.96     124.15
    167.32     195.39
    137.25     180.35
    435.68     379.52
    375.08     409.27
    402.47     336.10
    373.76     370.27
    249.90     140.84
    188.10      69.96
     76.18     118.07
    272.63     301.89
    148.65     324.00
     74.79     273.97
    324.47      81.60
    281.54     414.04
    343.60      91.12
    244.41     429.57
    158.16     264.00
    363.08     118.86
    430.28     441.29
    358.11     304.98
    407.84     406.09
     80.38     178.19
    201.06     238.65
    386.67     205.57
    413.84     146.29
    123.50     261.37
    153.60     135.35
    241.03     324.50
    412.03     346.64
    112.69     197.77
    270.02     203.91
    346.49     423.69
    435.20     177.90
    142.13     139.09
     96.27     417.25
    250.76     415.68
    347.75     154.29
    307.06      81.13
    343.65     428.22
    205.47      78.51
    288.08     363.63
     69.29     141.49
    441.13     105.78
    195.20     242.15
    320.30     223.84
    161.02     304.77
    242.96     325.45
    231.82     146.11
    404.59     239.06
    356.00     226.67
    443.45     178.52
    225.40     266.44
    403.43      71.08
    381.22     409.45
    376.69     369.84
    149.73      75.74
    169.15      89.28
    138.59     373.88
    132.17     326.78
    316.82      86.50
    293.53     177.03
    176.24     146.12
    362.24     260.04
     81.70     427.67
    321.23     153.38
    173.15     427.97
    120.92     212.27
    119.95     191.17
    108.15     356.86
    186.48     280.55
    132.01     116.25
     97.90     224.98
    350.53     114.58
    108.02     179.14
    282.73     308.10
    112.45      92.86
    353.69     371.85
    294.90     436.43
     87.17     440.19
    147.21     406.45
    263.65     356.78
    131.73      70.60
    164.53     212.93
    106.52     278.61
    208.27     280.50
    280.37     401.83
    283.86     149.68
    192.35     286.40
    420.31     151.46
    406.45     433.07
    266.59     394.41
    403.89     204.82
    362.42     110.00
    258.69     380.88
    178.58     154.81
     80.10     421.31
    144.94     308.86
     90.13     423.57
    318.55      85.59
    103.19     100.43
    381.74     261.18
    398.76     412.77
    201.47     233.34
     70.17     317.03
    403.70     170.09
    200.13      81.96
    168.65     136.09
    369.32     431.90
    300.39     167.46
    444.71     104.22
    283.04     321.56
    181.11     100.52
    280.99     105.28
    372.57      80.30
    212.24     236.17
    433.28     112.95
    389.25     397.28
    274.36     276.70
    356.42      92.94
    412.54     162.49
    336.15     217.43
    270.68     357.50
    296.16     160.96
    386.58      74.35
    158.87     283.80
    401.27     336.88
    154.58     431.07
     70.00     352.67
    218.75     415.66
    228.49     264.71
    119.64     147.02
    375.17     439.12
    350.78     408.54
    280.25     180.96
    393.97     185.84
    323.09     155.71
    404.44     164.77
    152.97     209.67
    383.64     195.50
    214.76      83.40
    265.65      81.05
    299.42     388.66
     88.40     418.09
    408.62     314.80
    331.15     104.68
    338.13     150.39
    347.96     285.71
    358.09     248.54
    410.81     286.15
    235.55     416.16
    178.32     124.39
    422.74     361.02
     92.11     438.07
    358.40      71.19
    363.00     172.71
    192.32     262.89
     80.44     146.66
    361.72     431.04
    348.25     262.20
    135.97     223.20
    418.05      70.27
    101.50     384.92
    407.99     118.33
    252.44     306.55
    265.24     243.82
    308.34     447.78
    415.83     108.93
    128.61     288.07
    126.90     101.55
    173.49     196.62
    107.06     396.93
    246.38     428.43
    313.24     361.39
     65.70     193.71
    410.59     143.87
    340.11     193.93
    346.64      91.75
    386.08     308.48
    323.26     223.38
    352.79     375.50
    391.88     267.24
    278.17     156.87
    112.41     180.49
    191.62     164.85
    101.49     293.66
    122.48     194.31
    434.81     433.63
    287.30      95.84
    391.89     223.27
    110.52     278.25
    130.35     190.29
    168.11     158.34
    205.39     230.81
    184.19     117.44
    326.07     116.63
    277.96     181.93
    375.33     255.08
     97.99     287.50
    438.28     177.53
    348.73     190.01
    169.75     219.27
    324.98     226.02
    220.21      96.91
    324.75     236.24
    246.22     351.12
    320.79     392.07
    149.90     357.69
    105.88     440.34
    321.87     155.75
     86.61     282.71
    341.94     221.73
    125.85     377.44
    128.88     153.71
    100.93     204.76
    173.28      86.77
    333.96     132.90
    345.76     108.77
    273.43     141.06
     86.92     431.03
    438.00     105.89
    185.52      74.58
    300.38     421.90
    405.09     105.42
    137.38     131.73
    146.68     161.41
    135.67     338.32
    199.34      84.66
    310.54     163.89
    382.67     177.66
    421.86     148.87
    292.69     255.79
    145.07     414.14
    280.57     125.35
    234.04     145.16
    371.87     101.44
    285.05      65.30
     99.63     176.55
    447.44     187.06
    155.71     124.10
    110.08     264.83
     74.79     274.00
    394.95     103.46
    149.45     356.82
    136.02     180.08
    272.17     150.28
    387.12     393.12
     97.49     281.84
     64.26      92.27
    187.18     227.79
    411.74     367.92
    216.90     416.88
    307.49     132.94
    438.77     119.94
    167.92     367.47
    443.56     366.53
    289.48     291.18
    324.92      84.98
    154.30     357.68
    396.21     136.06
    101.62     397.33
    382.83     263.76
     98.50     278.85
    241.83     113.49
    417.33     312.63
    226.70     122.64
     72.04     343.68
    347.83     414.79
    371.77     430.49
    149.44     169.78
     75.37     400.58
    111.36     330.30
    386.36     130.96
    288.86      65.35
    190.92     118.99
    227.93     212.45
    439.58     445.38
    110.91     275.59
    135.73     370.35
    202.40     273.89
    371.98     195.32
    270.20     175.74
    313.71     234.52
    388.48     382.56
    411.62     131.27
    151.29     152.70
    273.53     376.13
    117.56     128.46
    412.61     121.66
    388.57     371.77
    314.05     257.11
    245.22     444.12
    398.37     356.54
    245.05     417.02
    439.08     393.75
    173.48     195.50
    223.54     360.38
    345.11      80.19
    270.67      82.10
    111.24      78.43
    378.29     165.25
    149.53      76.10
    157.77     208.68
    154.45     261.74
    391.63      81.67
    136.40     372.99
    434.37     179.00
    429.42     271.62
    116.69     371.18
    102.09     217.46
    269.68     206.99
    365.15     213.53
    304.11      87.18
    430.60     192.80
    316.64     364.11
    259.48     215.76
     87.57     317.92
    300.82     302.17
    207.03     156.29
    302.14     310.89
    341.05     305.30
    410.67     408.22
    137.62     124.75
    364.87     158.38
    197.35     396.98
    107.49     273.17
    234.28     182.57
    165.73     193.51
    447.37     332.55
    125.67     152.35
    209.87     342.68
    271.50     279.08
    327.07     338.13
    130.95      92.10
    354.32     313.12
    261.46     110.31
    143.47     342.13
    387.66     179.19
    308.45     418.38
    205.82     441.42
    334.20      78.78
     95.61      72.97
    397.25      90.79
    344.36     156.87
    445.07     246.27
    134.05     447.84
     84.10     376.77
    438.84     338.99
    395.21     364.76
    406.41     161.67
    289.54     266.55
    279.41      96.64
    369.84     206.32
    185.43     243.06
    250.05     392.08
    313.42     417.33
     90.53     434.82
    187.85     149.29
    396.34     347.95
    175.15     143.30
    354.00     305.08
    174.54     131.72
    181.60      93.61
    442.74     202.16
    389.49     107.06
    347.29     164.83
    156.59     150.93
    342.89     308.23
    316.14     175.57
    354.07     339.02
    230.56     143.55
    243.62     432.00
    222.59      79.30
    155.92      81.68
    132.03      87.28
    145.87     160.76
    251.30     396.05
    307.41      93.11
    430.10     443.34
    280.79     440.10
    131.52     446.55
    156.61     125.44
     64.13     161.99
    327.91     397.02
    206.95      65.53
    220.32     136.88
    112.41     278.94
    141.53     357.86
     99.21     194.36
     98.55     297.96
     99.01     199.81
    132.08      86.82
    205.56      66.23
    387.77     100.57
    379.80     240.11
    324.21     126.56
    297.11     357.67
    222.84     119.50
    411.46     189.77
    109.28     445.30
    306.71     273.44
    375.15     200.99
    171.45     272.86
    399.07     297.56
    262.12     429.87
    437.39     110.98
     99.39     447.26
    440.03     445.98
    124.05     141.84
    274.32     149.99
    138.95     187.96
    262.96     431.10
    276.13     304.50
    162.37     156.51
     76.16     341.53
    288.52     204.16
    201.62     264.86
    144.58     366.41
    278.04     400.89
    177.39     280.27
    390.45     365.44
    193.64     235.70
    435.23     124.56
    381.88     276.84
    209.71     155.86
    389.95     249.03
    175.26      90.33
    326.03     141.37
    439.96     295.79
    442.67     209.29
    368.09     366.65
     82.78     431.16
    334.62     332.82
    310.80     325.36
    160.75     191.04
    397.93     286.82
    355.73     407.99
    344.22     301.83
    308.63     208.41
    354.79     415.31
    315.06      96.77
    278.25     156.07
    185.81     288.16
    179.29     401.37
    154.88      64.84
    298.02     387.58
     84.25     245.95
    179.25     228.14
    110.53     429.79
    115.23     145.31
    312.02     131.72
    231.05     437.37
    180.51     439.67
    254.30     123.55
    305.92     361.80
    193.21      64.30
    307.10     393.66
    159.72     261.07
    379.00     418.43
    425.77     193.40
    225.37     175.46
    402.19      95.35
    424.26     266.50
    179.54     232.55
    102.31     436.67
    390.85     182.19
    183.85     262.68
    444.44      96.45
    315.04     152.22
    102.94     145.53
    114.43     431.53
    219.38     390.68
    123.85     261.07
    187.85      73.80
    369.15     271.50
    265.66     216.42
    361.70     410.32
    206.67     310.63
    437.63     118.75
    249.11     446.71
    118.21     147.06
    295.76     370.85
     66.31     199.34
    316.91     395.75
    209.39     441.64
    362.27      81.95
    287.98     326.32
    145.52     313.15
    372.70     184.60
    277.43     425.30
    347.74     425.84
    149.63     324.01
    446.11     231.79
    332.41     154.78
    126.69     139.42
    168.13     192.86
    273.43     256.18
    150.13     338.32
     81.31     434.78
    181.45     137.58
    427.28     284.14
    239.68     334.62
    376.95     447.58
    241.82     324.70
    144.63     213.02
     87.86     443.50
     70.54     332.61
    121.25     185.92
    343.08     435.29
    217.96     444.56
    411.07     143.06
    204.77     346.38
    247.01     352.79
    282.29     440.51
    274.74     125.40
     92.24     415.30
    292.23     121.90
     65.67     120.67
    295.23     184.11
    274.07     306.32
    155.46     267.57
    223.28     118.06
    301.64     308.12
    199.32     125.63
    341.09     112.98
    274.71      86.73
    197.49     159.49
    360.91     281.34
    349.92     177.94
    402.93     365.15
    444.06     171.58
     68.09     346.48
    189.07     131.77
    107.99      86.28
    396.93     222.47
    419.48     363.47
     75.73     248.49
    111.04     384.92
     70.58     211.55
     94.08     184.18
    368.40     185.66
    100.16      73.25
    416.08     390.69
    447.41     174.80
    316.52     115.89
    119.84      86.81
    329.47     109.46
    340.52     149.72
    187.78      72.88
    413.53     394.02
    432.76     176.02
    357.14     155.97
    304.40     322.16
    440.92     236.72
     78.56     311.26
     75.63     173.34
    375.25     242.87
    223.21     429.09
    318.28     392.45
    144.17     339.62
    162.10     191.12
    419.22     377.21
    167.81     166.14
    395.52      93.97
    218.27     212.92
    163.65     191.56
    345.96     144.26
    262.48      67.38
    143.50     375.29
    413.51     121.87
    420.22     123.61
    157.46     118.74
    401.94     209.15
    261.91     110.07
    384.80     401.96
    441.52     294.83
    319.75     206.59
    209.27     431.16
    125.77     105.28
    401.80     404.57
    252.45     249.77
    364.83     346.39
    152.85     135.41
    257.54     406.83
    413.41      75.37
    367.85     410.66
    195.77     255.53
    363.89      81.95
     80.11     190.99
    434.53     436.30
    320.31     347.62
    435.32     104.14
    189.03     393.63
    224.45     166.12
    307.26     278.32
    176.39     127.52
    373.83      75.26
    130.27     197.15
    150.44     154.72
    266.19     302.36
    173.62     130.48
    346.20     388.50
    276.74     284.63
    190.06     201.00
    210.02     134.58
    427.27     247.73
    155.15     339.86
     87.90     441.62
    208.57     426.54
    295.22     200.07
    356.96     231.89
    272.21     371.42
    253.46     280.16
    205.49     233.37
    303.49     365.08
    364.22      94.40
     76.72     280.97
    162.92     424.82
    242.78     114.97
    288.74     241.99
    384.09     398.61
    356.03     257.90
    446.99     273.94
    146.27      86.06
    145.89     344.82
    351.83     256.67
    300.28     159.50
    185.51     129.65
    327.47     355.32
    164.53      80.41
    356.92     438.64
    151.29     214.32
    149.84     323.76
    437.46      73.62
    152.57     174.38
    211.96      78.31
    426.22     132.86
     68.47     112.92
    355.93     322.29
    396.20     400.92
    416.70     397.53
    361.28     420.69
    201.26     434.84
    238.33     282.91
    197.42     261.06
    165.78     258.96
    384.34     289.92
    209.63     231.26
    296.39     273.66
    399.23      72.18
    332.61     327.36
    436.38     379.22
    158.42     217.68
    421.09     280.07
    295.77     223.48
    261.77     285.34
    327.25     120.25
    261.73     280.22
    323.08     349.60
     89.37     162.24
    341.23     407.76
    346.82     221.91
     94.32     388.93
    342.49     101.96
    233.39     405.78
    140.71     154.75
    415.00     129.76
    219.30     185.10
    202.82     433.28
    443.51     203.02
    251.97     331.31
    248.38     268.97
    226.23     438.52
    310.15     167.90
    148.32      70.24
    354.24      93.63
    103.45      84.85
    289.08     291.56
    402.86     301.00
    145.09     371.05
    106.07     135.86
     89.86      67.75
    187.08     287.49
    396.79     136.82
    180.06     227.69
    156.58     191.81
    273.04     244.42
    277.76     364.75
    300.17     324.85
    187.25     390.63
    245.48     309.38
    214.53     203.73
    258.54     289.70
    434.94     447.25
    181.18     421.39
    254.63      78.16
    320.19     388.95
    150.57     261.60
     99.82     299.86
    276.28     405.00
    193.75     132.56
    340.65     338.94
    435.60     233.38
    397.78     216.00
    197.34     223.80
    296.62     360.53
    323.19     125.57
     69.67     354.88
    397.49     292.06
    143.36     181.86
    122.21     219.79
    383.42      64.05
    110.95      99.37
    420.65     426.19
    273.66     144.38
    177.14     431.31
    374.97     234.49
    447.04     206.72
    124.68     273.60
    285.49     327.63
    150.96     366.44
    175.34     347.54
    371.40     437.08
    188.20     129.21
    116.59     314.64
    300.35     158.80
    294.83     263.71
    441.81     200.79
    154.10     132.07
    253.95     342.90
    422.78     129.21
    408.89     245.24
    361.99     353.80
    396.67     368.17
    313.84     414.54
    316.87      81.45
    243.03     345.50
    115.45     272.20
    261.51     117.67
    263.78     276.44
     71.59     329.42
    138.14     187.23
    136.12     368.29
     77.27     275.68
    317.75     396.29
    427.19     308.73
    303.14      67.96
    321.23     199.10
    441.45     116.80
    232.14     117.15
    413.31     444.59
    301.94     162.45
    416.14     230.59
    156.82      64.35
    219.83      99.42
    251.38     333.19
    311.43     209.14
    441.42     295.30
    400.11      68.42
    136.61     367.98
    191.72      68.38
    273.40     155.12
    432.26     287.73
    250.98      74.71
    158.27     252.48
    152.08     270.21
    196.01      65.58
    408.33     250.60
    103.27     184.41
    133.78     410.13
    176.97     144.00
    264.45     375.79
    109.15     293.91
    313.68     178.00
    360.85     370.22
    434.70     266.26
    246.75     336.70
    368.00      72.16
    278.13     312.56
    207.63     206.55
    256.84     388.00
    162.89     188.25
    395.05     197.72
    417.75      96.30
    181.15     257.58
    167.99      90.16
    153.45     307.85
    293.67     320.31
    345.12     366.31
    273.35     196.26
    162.36     263.90
    334.88     339.38
    179.90     271.08
    435.56     315.34
     74.72     351.84
    254.51     206.27
    281.40      73.35
    371.61     210.86
    421.29     240.99
    182.58     389.02
    439.22     170.51
    342.33      97.83
    431.66     447.87
    297.45     394.77
    160.49     186.59
    406.86     308.03
    345.43     419.32
    217.09     177.97
    201.15     445.16
    143.13     145.19
    434.35     433.17
    125.03     138.36
    219.68     114.37
    156.83     334.69
    152.69     287.09
    335.85     148.26
    357.66     233.96
    160.55     261.52
    213.19     100.67
    426.84     429.17
    103.26     131.53
    384.37     223.31
    155.76     411.65
    288.01     141.05
    191.38     172.79
    209.40      88.87
    397.14     426.25
    326.89     352.20
    432.24     427.37
    274.20      86.29
    213.06     206.24
    346.40     100.08
    245.98     121.39
    394.49     354.73
    231.11     274.92
    287.49     443.69
    443.03     446.01
    226.99     136.97
    344.04     435.66
    273.53     376.75
    333.83     332.01
    358.24     446.04
    358.96     246.90
    130.85     333.57
    444.47     130.64
    405.84      72.12
    107.92     426.81
    300.71     363.85
    245.87     121.02
    170.02     342.88
    353.56     379.99
    318.50     107.32
    141.90     113.88
    103.50     293.62
    172.80     150.88
    267.43     297.90
    185.76     156.19
    297.70     270.64
    403.81     140.37
    270.60     333.91
    406.00     429.59
    257.78     206.81
    293.89     386.11
    195.19     172.27
    101.89     279.47
    277.78     139.17
    204.76     262.16
    239.90     256.30
    428.42     375.41
    186.76     144.39
    373.72     374.14
    179.03     154.63
    270.31     240.07
    229.63     398.60
    255.52     142.22
    386.16     247.49
    246.00     266.16
    104.71     136.31
    225.02     404.99
    195.63     433.00
    401.70      90.91
    332.51     122.08
    128.34     111.53
    109.75     292.36
    319.29     157.28
     87.50     416.01
     94.90     168.48
    444.34     165.20
    202.31     269.38
    378.35     201.03
    404.67      75.00
    128.56     150.64
    238.41     156.12
    371.92     408.58
    174.67     383.96
    407.83      91.85
    304.71     157.57
    402.69     141.26
    277.47     371.24
    252.47     152.24
    205.92     418.41
    229.98     331.97
    392.24     135.00
    273.08     181.55
    255.89     329.55
    320.89     304.78
    368.27     292.22
    353.74     300.89
    172.32     219.90
     99.01     289.65
    310.92     183.91
    201.32      77.92
    206.46     256.56
    447.82     180.42
     92.43     440.80
    340.34     304.35
    318.16     260.95
    365.02      78.46
    170.37     158.15
    318.10     390.44
    305.71      76.13
    399.51     342.87
     66.43     374.70
    315.73     363.83
    303.81     210.14
    398.98     193.94
    159.27     150.57
    118.60     350.05
    264.20     222.04
    369.41      87.25
    357.19     376.07
    354.84     374.06
    145.33     304.76
    100.41     101.25
    201.70     277.56
    188.97     165.90
    324.10     412.69
    293.02     266.58
    334.76     322.88
    277.89     153.08
    252.49     193.97
    264.75     214.10
    340.79     159.58
    369.75     384.83
     95.44     299.61
    339.56     169.21
    326.61     114.79
    137.07     364.36
    154.42      80.68
    157.17     435.71
    277.01     317.42
    401.41     313.99
    404.68     438.52
     76.79     347.03
    123.34      67.67
    315.65     131.20
    376.34     255.55
    260.73     210.53
    224.39     146.70
    282.97     222.16
    115.92      86.49
    408.13      94.09
    233.01     311.40
    404.79      89.17
    132.60     347.26
    274.04     229.83
    438.69      95.09
    428.63     393.66
    444.25     256.11
    111.52     130.92
    406.90     343.83
    117.47     136.68
    299.26     157.02
    410.69     434.94
    169.38     248.52
    433.02     141.90
    364.68     112.13
    416.38     400.92
    284.59     387.35
    329.20     350.16
     83.54     183.71
     94.20     211.11
    334.06     218.97
    212.23     240.82
    327.97     401.45
    162.81     156.61
    427.95     132.88
    141.11     445.88
    304.36     395.77
    175.91     205.36
    118.90     269.49
    357.82     248.02
     73.44     108.04
    299.93     385.63
    427.85     368.28
    106.08     240.58
    146.54     153.78
    268.35     177.79
    185.79     162.28
    113.56     267.25
    163.08     162.26
    262.43      97.06
    364.47     290.35
    422.06     273.97
    208.56     228.09
    111.89      76.34
    234.37     377.02
    211.95     267.24
    191.78     260.25
    370.81     376.57
     79.18     231.82
    170.81     198.61
    241.58     157.73
    401.85      87.31
    243.10     380.74
    341.24     270.97
    150.45     268.00
    380.30     445.06
    283.46     289.24
    433.88     248.87
    127.30     394.34
    352.02     213.41
    243.70      85.12
    265.10      71.77
    144.77     196.79
    270.76     183.67
    183.68     132.72
    299.79     397.81
    105.74     428.93
    227.27     191.09
    427.45      96.18
     76.16     335.21
    447.32     144.23
     95.06     194.23
    438.04     294.32
     96.35     271.95
    201.47      74.96
    245.40     281.51
    397.21     205.35
    105.34     275.16
    206.63     357.06
    419.60     198.96
    158.69     201.50
    127.98     203.66
     78.57     327.88
    407.56     172.82
    301.04     282.47
    260.54     282.10
    129.16     152.17
    236.11     368.03
    152.81     342.77
    112.07     298.12
    365.72     287.99
    196.86     440.07
    291.31     122.50
    230.14     388.41
    340.02     313.02
    314.54      96.10
    175.40     408.45
    175.13     195.59
    102.09     445.56
    144.56     210.54
    262.98     369.50
    446.61     163.03
    302.55     265.42
    442.82     212.23
    355.98     420.67
    218.24      72.14
    305.24     351.73
    322.72     130.78
     77.84     318.51
    348.42     157.26
    205.52     338.59
    397.67     219.75
    158.05     418.51
     72.42     426.06
    106.11      85.80
    380.35     369.51
    108.34     105.37
    417.51     392.43
    180.62     114.67
    230.12     269.66
    350.86     192.70
    432.63     181.91
    347.95     312.61
    158.02     410.83
    130.72     119.19
    333.42     262.28
    279.63     325.44
    171.62     145.69
    144.03     208.95
    310.58     364.51
    436.06     289.55
    111.74     396.37
    429.53     431.21
    249.34     419.49
     97.49     274.60
    364.20     237.51
    378.50     182.96
    205.65     161.22
    403.72     317.22
    112.38      66.86
    390.40     228.09
    141.96     375.49
    155.24     283.66
    356.96     310.38
    195.78     287.21
    204.78     239.25
    233.26     341.43
    351.64      80.25
    356.33     142.51
    175.62     152.42
    356.22      86.81
    285.70     257.46
    115.72     339.94
    251.40     342.43
    342.06     434.11
    307.43      75.32
    181.91     114.63
    430.88     259.06
    369.50      65.67
    291.73     287.28
    233.52     267.04
    127.91     353.48
    261.44     282.01
    258.66     195.07
    146.96      78.44
     76.18      81.51
    121.47     209.42
    364.33     447.11
    342.67     155.35
    246.14     246.28
    303.56     374.11
    406.96     241.84
    436.07     179.18
    298.83     439.60
    148.64     375.93
    165.51     241.54
    224.81      99.48
    349.08     439.11
    343.71      93.16
    221.39     247.92
    122.53     420.98
    133.97     114.44
    432.19     286.23
    235.36     425.52
    392.82      87.78
    386.01     198.96
    110.57     177.54
    114.87     273.21
    148.94     213.04
    383.04     429.24
    277.67     413.01
     88.39     420.57
    322.63     414.22
    313.36      85.87
     81.42     400.69
    440.92     385.70
    221.65     336.16
    313.77     444.84
    105.01     133.28
    190.12     121.82
    118.78     349.18
    255.28     266.62
    114.25     208.62
    410.92     122.25
    212.70     334.27
    162.89     253.00
    124.06     420.74
    163.12     293.23
    133.41     395.21
     92.41     188.05
    282.61     329.81
    389.39     413.55
    326.85     388.21
    378.62     370.47
     99.32      73.86
    419.44     430.56
    209.13      74.35
    375.13     183.89
    249.45     207.93
    356.37     264.37
    144.32     340.51
    404.97     356.54
    343.19     228.54
    416.33     403.25
    201.30     239.44
     64.88     206.18
    198.67     174.46
    426.44     247.24
    400.83     243.31
    260.52     183.38
    223.06     123.48
    198.21     237.49
    268.50     208.13
    130.36      92.70
    363.69      92.25
    366.56     267.88
    371.84      77.19
    178.98     393.61
    311.13     446.61
    200.82     140.14
    213.49     134.15
    200.89     304.71
    115.40     273.34
    358.16     251.09
    152.18     128.08
    134.25     116.58
    276.16     146.68
    247.91     366.27
    159.96     231.01
    371.41     272.06
    175.14     277.36
     92.16     297.82
    357.62     382.62
    321.77      78.78
    119.19      64.64
    323.70     418.13
    115.93     281.16
    170.36     216.78
    126.49     174.81
    224.34     237.16
    411.90     340.21
    103.16     221.76
    356.76     100.06
    150.12     152.32
    157.99      67.00
    352.53     192.52
    278.42     396.40
    415.32     420.92
     89.66     231.05
     94.76     282.33
    371.51     345.31
     82.47     120.28
     93.08     431.88
    155.41     306.46
    356.75     260.60
    445.73     175.08
    100.55     178.92
    154.35     228.36
    391.18     141.67
    208.17     127.85
    359.48     101.03
    267.92     426.73
    406.49     306.05
    213.76     114.05
    173.08     123.10
    246.79     345.15
    127.68     445.63
    157.31      82.28
    261.90     342.61
    129.99     149.77
     65.52     401.86
    417.17      93.88
     92.78     177.60
    285.93     217.55
    149.21      88.07
    313.63     166.72
    271.92     147.78
    144.97     211.37
    336.04     208.55
    377.63      89.99
    252.56     272.83
    257.93     340.94
    156.89     389.62
    246.97     164.37
    103.05     307.42
    228.53     147.78
    164.58     145.94
    337.86     316.89
    425.66     333.34
    257.15     120.02
    122.20     344.70
    114.02      64.57
    421.11     136.39
    351.17     278.50
    293.60     352.53
    397.04      91.50
    100.80     444.38
    262.18     346.09
    307.71      67.30
    296.48     433.12
    147.28     210.74
     68.32     446.53
     65.84     173.22
    248.90     422.63
    118.10      78.52
    160.33     188.69
    318.24     223.00
    177.82     106.27
    320.82     128.01
    125.59     416.50
    165.39     403.69
    175.23      66.33
     73.10     414.57
    339.61     312.43
    230.02     354.29
    185.13     124.12
     75.74      64.80
    318.49     320.43
    132.55     417.21
    133.51     119.65
    269.23     424.84
    356.72     242.99
    319.82     115.20
    187.38      78.96
    439.38     285.19
    147.13      94.05
    226.63     127.66
    251.65     278.42
    401.04     312.03
    293.77     120.10
     65.32     293.15
    234.26     212.04
    237.94     265.10
    397.15     320.00
    302.17     151.39
    420.80     306.23
    381.48      66.58
     64.20     213.32
    371.49     215.92
    236.91     282.27
    346.37     411.07
    205.27     342.83
    152.01     161.38
    225.01     121.01
    114.37     156.07
     68.45     166.98
    287.28     298.82
    121.75     183.96
    158.50     276.15
     93.20     445.79
    332.23     399.03
    148.10     367.15
    278.45     274.52
    285.29     292.33
    411.46     142.24
    436.42     437.22
    253.22     283.42
    205.49     247.08
    224.16     333.62
     96.15     391.74
    137.25     221.23
    216.21     206.00
    230.97     268.22
    416.30     283.51
    441.93     207.68
    312.62     447.36
    244.80     417.44
    434.86     256.29
     99.09     292.62
    261.07     249.48
     85.51     270.77
     68.03     281.03
    148.88     166.97
    386.75     404.46
    430.02     114.26
    316.43     139.20
    230.35     281.72
    201.39     422.53
    165.27     144.31
    205.74     138.27
    186.84     124.09
    351.22     146.51
    277.46     148.30
    187.90     387.18
    279.91     307.12
    373.32      82.05
    377.76     127.33
    350.86     270.52
    275.43     149.42
    158.29     186.88
    367.86      93.55
    335.34     323.37
    157.97     295.38
    330.80     228.76
    235.93     416.18
    240.01     124.25
    360.23      93.32
    402.06     125.15
    403.63     408.89
    192.58     292.27
    412.76     422.35
    164.53      83.81
    346.40      83.72
    223.42     326.38
     71.81     284.64
    391.48     279.83
     67.33     401.49
    220.24     144.70
     97.33     437.04
    222.45     117.08
    312.06     112.52
    203.60     157.11
    260.44     218.76
    100.95     171.95
    395.81     295.07
    182.91     387.23
     86.43     166.60
    164.96     254.95
    224.41     211.88
    100.13     168.33
    219.55     170.36
    150.36     258.96
    429.46     115.33
    208.53     376.27
    344.40     167.85
    434.19     158.58
    333.51     131.38
    362.92     100.34
    221.06     330.15
    261.49     246.75
    277.59     369.28
    284.78     150.65
    102.13     202.14
    427.82     212.46
    305.13     238.17
    422.07     136.37
    424.84     268.03
    395.41     363.89
    335.60     263.51
    118.08     183.47
    395.99     243.36
    290.17     120.27
    409.29     405.90
    349.86     414.36
    172.06     164.04
    216.77      99.95
    255.85     126.16
    239.39     432.03
    343.90     162.72
    386.19     361.83
    102.60     164.43
    103.70     147.22
    396.37      74.42
    118.35     198.00
    320.86      97.83
    338.24      81.32
    344.99     159.94
    178.13     152.81
    236.46     419.36
    385.63     239.59
    136.19     415.53
     68.15     264.85
    301.10     382.68
    334.35     155.68
    158.21     193.95
    352.39     232.28
    393.13     368.56
    389.04     131.82
    259.95      87.71
    272.21     300.40
    318.50     299.15
    315.96     286.17
    223.19     420.74
    223.84     445.84
    166.89     197.14
    216.80     412.62
    249.90      79.98
    118.74     136.32
    409.06     291.43
    201.76     231.59
    224.92     311.97
    406.06     314.50
    257.55     102.40
    257.44     359.16
    201.21     276.38
    139.14     356.53
     84.01     357.37
    444.54     223.04
    159.78     360.32
    377.49     416.15
    444.46     186.50
    188.06     256.93
    110.27     429.05
    185.17     209.47
    405.23      85.73
    381.39     442.29
     91.45     291.13
    446.23     330.97
    305.71     385.94
    435.52     369.06
    134.52     367.85
    185.65      93.54
    421.59     268.83
    381.49     161.72
    383.62     243.42
    260.41     432.49
    193.64     392.91
    260.36     427.86
    375.70     212.84
    385.81     254.95
    211.65     227.37
    278.79     147.08
    321.41      77.95
    179.57     432.33
    158.79     286.29
    398.00     164.11
    430.81     301.31
    391.12     403.90
    447.41     232.98
    429.34     157.94
    304.94     267.09
    147.47     371.79
    331.54     222.96
    183.04     291.59
    326.66     296.55
    352.74     406.94
    282.99     197.68
    277.93     302.78
    142.62     211.76
    197.25     170.43
    148.02     356.83
    301.22     272.57
    444.69     135.21
    351.71     195.14
    300.00     165.08
    373.71     179.66
    411.85     363.00
    406.71     342.35
    328.17     153.03
    100.15     177.06
    431.47     377.45
    316.56     328.80
    258.78     323.71
    107.76      80.26
    302.16     303.89
    391.95     136.55
    133.76      65.56
    362.87     224.68
    355.80      91.23
     76.60     209.32
    400.56     282.04
    284.49     149.34
     77.06     278.69
    376.59      65.78
    201.15     251.97
    304.02     162.95
    329.31     404.76
    422.84     245.28
    207.02     110.49
    182.47     141.05
    106.69     278.59
    134.03     362.03
    374.39     250.43
    381.15     206.68
    173.48     407.00
    107.87      75.73
    310.24     183.54
    420.84     306.68
    403.97      90.15
    225.19     235.19
    250.58     368.48
    383.37     379.36
    139.95     209.15
    374.10     187.70
    204.40     239.89
    409.89     152.23
    401.69     301.05
     72.39     142.92
    223.20     114.10
    423.78     268.21
    214.11     205.88
    308.62      76.05
    273.98     327.24
    306.87     322.09
    217.52     437.56
    359.68     263.71
    243.09     286.24
    133.09     271.60
    445.79      99.13
    427.21     253.33
    155.90     193.70
    105.54     275.68
    255.55      83.99
    182.78     438.78
    337.70     222.35
     77.60     420.86
    101.60     163.18
    142.11      88.65
    134.15     131.65
    263.89     395.58
    181.92     102.34
    373.65     316.79
    113.22     176.97
    419.72     178.50
    152.42     139.60
    352.29     398.50
    325.15     148.28
    386.61     177.65
    187.04     383.98
    171.73     272.91
    403.30      90.34
    332.32     319.51
    293.58     364.03
    326.14     248.00
    425.75     159.29
    282.33     173.38
    251.88     164.87
    155.62      92.65
    318.54     327.09
    401.08     351.56
    309.59     132.90
    275.74     150.10
    298.84      74.57
    154.05     187.47
    251.99     334.81
    397.79     205.57
    364.83     274.52
    328.08     105.11
    337.88     276.75
    371.80     206.70
    156.45     227.80
    118.44      69.19
    402.24     247.23
     87.19     392.77
    245.77     309.91
    315.63     333.14
    330.83     234.18
    439.42     183.10
    319.79      64.96
    317.59     397.32
    420.70     181.05
    351.69     253.02
    338.13     131.74
    218.38     122.97
    435.07     321.98
    126.27     256.24
    102.80     446.61
    262.02     143.38
    263.88     193.55
    233.21      96.57
    292.51     439.29
     89.97     419.11
    385.32     235.76
    227.40      69.64
    411.02     409.10
    119.40     208.17
    361.01     409.03
    263.18     395.95
    124.78     251.70
    297.10     292.61
    399.73     297.11
    266.78     181.58
    160.08     141.88
    319.73      74.01
    373.96     244.79
    277.87     438.29
    404.93     424.61
     75.32      67.26
    392.48     142.08
    201.77      68.68
    217.59     241.51
    439.76      67.82
    209.79     235.02
    381.74     118.67
    421.18     444.77
    314.97      70.64
    151.41     135.27
    247.30     326.46
    419.34      92.70
     94.22     188.55
    194.43     396.80
    273.74     354.94
     78.41      80.83
    215.20     169.68
    402.04     282.01
    378.93     414.60
    426.27     211.34
    118.52     285.47
    138.92      75.28
    111.29      96.39
    348.57     373.55
    103.26      99.03
    156.14     187.08
    406.23     219.14
    405.62     218.55
    343.51     145.82
    358.05     371.51
    364.74     310.76
    337.64     317.75
    158.41     253.74
    332.35     214.65
    369.41     288.58
    390.47     221.60
    209.15     255.65
    172.47     374.02
    351.97     385.71
    398.92     302.52
    399.21      98.30
    149.22     290.94
    309.59     331.61
    306.34     208.94
    286.81     147.04
    327.24      72.72
    312.80     176.92
    160.60     149.81
    268.57     430.25
    279.21      93.01
    227.87     162.00
    139.34     309.03
    308.73     151.77
    426.85     303.65
    112.12      66.41
    439.98     114.39
    108.24     430.75
    257.65     186.25
    254.65     381.77
    364.62     370.77
    359.94     252.60
    265.52     367.34
    301.90      69.35
    172.27     415.78
    347.33     183.47
    356.74     307.38
     97.93     161.35
    220.29     336.47
    340.40     168.28
    391.27     144.41
    122.78     264.50
    138.25     282.29
    104.26     304.45
    246.01     127.39
    316.57     167.19
    397.46     299.22
     80.34     146.29
    167.76     141.08
    176.33      66.12
    250.84     355.91
    255.28     250.80
    303.33     353.19
    434.85     122.17
    288.55     252.27
    441.10     158.25
    206.98     141.08
    410.40     194.94
    343.57     257.36
    303.87     355.91
    218.70     322.59
    353.60     105.58
    216.93      85.68
    120.42     253.00
    357.32     211.42
    342.80     263.66
     88.94     411.41
    194.75     244.90
    345.24     228.56
    405.90     238.25
    226.85     116.75
    404.69     236.29
    214.01     394.86
    104.69     161.91
    239.18     268.54
    103.42      79.34
    232.97     288.77
    341.84     158.62
     76.37     416.39
    242.22     377.70
    240.39     439.32
    278.66     364.62
    112.15     135.47
    141.02     363.90
    155.53      67.22
    103.14     100.01
    357.07     111.94
    107.02     146.58
    409.43     369.03
    411.18     156.81
     82.69     304.20
    112.80      92.28
    192.53     166.83
     93.55     162.07
    274.69     289.24
    296.44     363.80
    115.83      87.42
    384.29     415.55
    158.73     189.76
     94.00     161.19
    389.56     134.04
    138.72     210.34
    218.03     416.61
    119.41     150.19
    295.66     282.91
    153.08     208.20
     80.37     136.36
    322.81     145.30
    420.93     348.57
     84.91     430.66
    184.91      70.59
    223.77     190.49
    436.98     383.83
    408.45     198.06
    121.13     194.25
    314.90     217.96
    240.11     314.65
    233.13     434.06
    276.29     292.33
    238.28     360.19
    369.43     183.46
    281.39     360.38
    407.12      91.50
    300.12     383.35
    313.82     183.52
    202.57     269.60
    131.78     208.77
    277.74     178.29
    355.50     427.71
    439.32     383.98
    350.74     110.33
    409.28     430.17
    344.81     351.62
    405.90     220.53
    110.64      93.42
    423.39     446.60
    382.44     131.49
    288.69     298.31
    254.06     324.08
    154.03     123.03
    114.08     205.70
    317.33     151.57
    124.94     195.66
    123.18     194.26
    126.02     269.57
    415.08     146.69
    370.86     184.70
    268.82     429.62
    210.38     100.77
    341.23     312.16
     70.44     316.78
    130.39     278.25
    374.06     106.01
    442.19     229.25
    329.15     333.20
    322.07     422.61
    422.46     153.39
     82.18     274.90
    352.17     345.29
    380.42     259.82
    261.39     304.95
    151.29     122.54
    133.81     364.75
    310.08     133.36
    442.83     180.45
    129.87     218.48
    394.18     399.92
     94.91     195.46
    153.57     204.49
    417.13     291.82
    171.00     199.01
    353.62     417.33
    233.17     435.15
    196.53     174.75
    143.50     380.85
    395.15     355.23
    422.61     145.32
    358.46     220.54
    358.16     108.54
    375.21     415.91
    184.39     207.23
    119.37      82.94
     74.48     339.19
    281.24     370.60
    311.69     251.76
    363.78     371.49
    257.38     275.02
    347.14      96.70
    371.21     441.03
    404.47     219.38
    293.34     124.38
    315.15     117.48
    283.12     288.63
    226.82     358.25
    167.65     289.63
    417.15     128.81
    323.25     334.21
    166.38     410.07
    292.57     267.44
     95.09     429.78
    268.86     103.36
    406.18     148.81
    261.67     194.95
    402.01     216.95
    277.69     404.76
    337.60     210.47
    315.91     359.15
    133.33     339.24
     82.87     335.35
    100.35     136.95
     64.39     366.41
    291.24     291.07
    377.42     437.93
    292.73     271.93
    105.35     300.55
    355.11      87.27
    131.36     114.82
    314.21     136.03
    362.67      95.94
    260.09     284.32
    204.56     154.10
    375.93     192.66
    120.00     397.14
    100.99     389.64
    153.46     298.84
     77.87     428.77
    230.29     125.09
    240.97     113.54
    112.42      91.33
    136.64     277.77
    394.24     215.46
    386.85     418.05
    438.95     443.17
    300.70     339.77
    104.54     196.42
    166.30      86.48
    334.30     337.98
    143.22     367.85
    111.06     275.16
    243.20     427.62
    435.12     137.85
    242.54     267.12
    206.71     312.89
    275.35     151.53
    134.91     347.71
    136.96     112.04
    378.68     125.26
    241.61     118.67
     98.76     170.42
    398.61     209.45
    397.65     273.75
    119.08     344.16
    311.23     389.05
    209.56     261.88
    290.11     128.16
    282.16     303.35
    134.12      96.39
    247.87     147.77
    241.06     269.17
    415.69     157.60
    366.25     108.45
    122.19     115.12
    183.49     213.33
    208.90     392.63
    190.93     283.18
    276.94     418.73
    252.03      69.13
    139.98     156.74
    103.02     304.53
    145.16      88.03
    309.28     147.89
    326.79     136.20
    396.41      84.95
    398.01     355.15
    270.10     200.17
    317.49      85.61
    284.57     279.48
    354.56     101.68
     67.52     366.03
    356.67     336.43
    247.32     264.51
    191.91     264.98
    368.85     281.81
    291.85     262.84
    124.44     178.83
    416.51     263.13
    407.01     205.17
    330.16     390.07
    136.30     445.35
    360.06      88.62
    136.52     101.01
    324.24     314.82
    149.60     228.96
    269.17     424.86
    160.78     226.11
    298.25     358.98
    154.97      70.73
    248.03     214.62
    321.51     437.92
    373.00     130.64
     86.01     333.87
    312.22     209.56
    306.99     139.02
    300.04     179.78
    385.44      80.58
     70.08     116.63
    250.91      68.75
    225.17     175.37
    156.04     431.74
     68.55     275.94
    226.48     326.97
    235.58     388.48
     81.01     172.54
    131.91     187.59
    239.94     318.99
    361.22     373.03
    342.66     157.68
    312.36     209.84
    421.66      68.89
    374.02     407.07
     84.17     338.48
    394.11     131.32
    247.30     197.23
    405.06     168.45
    113.89     392.85
    390.48     235.03
    277.50     283.32
    274.01     284.44
    104.50     296.89
    314.94     178.13
    302.69     300.58
     73.43     334.88
    422.10     193.28
    417.65     275.84
    342.02     152.75
    334.52     159.99
    447.53     162.66
    180.96     395.60
    216.19     181.55
    442.82     192.00
    304.23     326.86
    122.93     351.67
    445.08      78.74
    340.91      90.79
    284.37     229.56
    417.94     394.21
    167.21     156.10
    368.08     376.75
     88.95      69.84
    364.90      90.66
    181.00     289.34
    129.94     153.25
    410.21     424.11
    108.97     137.15
    433.07     436.01
    132.25     417.96
    110.09     300.86
    316.51      86.72
    344.76     156.89
    399.43     399.83
    175.95     114.03
    205.20     336.10
    139.74     361.57
    293.58     190.22
    422.43     440.62
     98.52     177.03
    313.87     168.37
    397.79     412.52
    207.26     173.98
    201.93     404.11
    409.05     364.38
    357.23     423.29
    250.15     435.23
    342.91     167.50
    155.18     318.19
    368.13      97.80
    388.33      64.75
    367.26      89.79
     69.02     285.29
    345.43     226.41
    104.20     432.29
    120.90     390.00
    269.88     160.10
    389.54     140.31
    132.24     156.83
    290.83     293.44
    375.06     206.36
    303.19     328.68
    282.43     328.18
     99.93     191.81
    423.47     240.52
    363.79     253.86
    231.82     257.05
    368.89      97.44
    345.73     273.23
    179.89     248.45
    153.96     439.98
    212.37     391.23
    310.16     134.65
    253.88     243.42
    301.10     264.37
    406.37     171.81
    253.45     228.04
    257.57     409.23
     69.03     107.36
    119.20     270.47
    124.87     216.49
    116.20     276.70
    343.50     308.04
    164.40     414.59
    379.62     170.71
    146.97      93.94
    151.48     186.36
    151.74     172.94
    350.01     298.64
    182.55      90.61
    187.18     228.51
    189.96     172.89
    334.45     362.54
    378.30     346.83
    180.82      95.87
    372.05     171.53
    313.91     206.92
    188.49     206.39
    190.37     258.29
    131.48     365.00
    297.49     292.25
    305.03     375.99
    274.55     305.11
    124.09     193.63
    411.14     123.70
     84.61     275.41
    333.51     147.71
    286.63     262.62
    258.90      65.86
    208.58     234.15
    156.26     270.50
    390.55     383.68
    405.86     319.15
    132.75     110.98
    118.12     147.31
    167.85     136.05
    222.11     116.41
    176.87     402.97
    252.77      91.71
    326.67     146.83
    167.24     190.87
    443.80     144.88
    156.38      66.63
    104.53     308.72
    418.02     413.90
    210.82      84.90
    324.35     103.83
    105.09     351.46
    432.42     286.49
    334.52     311.33
     81.51     277.59
     89.40     130.11
    417.39     415.51
     66.50     395.66
    252.98     213.99
    293.78     107.14
    432.61     214.86
    382.46     374.59
    272.64     143.36
    389.91      65.87
    125.39     142.06
    130.86     377.89
    105.85     135.88
    202.00     153.58
    439.58     177.16
    213.89     248.03
    162.25     209.27
    262.38     443.31
    348.97     335.42
     72.71     290.45
    329.11     246.37
    335.13     412.15
    216.82     318.75
    136.17     210.05
    415.62      87.66
    253.66     280.83
    386.41     266.85
    218.58     124.78
    147.63     162.11
    369.13     208.56
    139.48      79.02
     94.11     293.91
    443.37     254.57
    438.64     101.81
    395.98     358.37
    188.83     396.72
    305.90     272.32
    400.73      72.07
    286.36     351.20
    279.90     143.38
    243.63     155.65
    391.57     257.29
    394.24     319.90
     66.80     112.31
    262.63     339.16
    143.91     200.77
    185.24     399.18
    379.49     367.11
    354.90     366.79
    352.41     262.58
    252.20     428.35
    160.46     229.76
    176.77     381.07
    360.05      91.87
    395.74     314.18
    125.99     348.49
    154.56     261.35
    314.21     339.16
    219.95     139.23
    108.51      93.57
     83.44     140.88
    200.14     427.20
    435.00     442.09
    341.67     258.91
    266.89      64.04
    318.02      81.39
    379.91     249.24
    421.43     143.57
    122.10     280.60
    308.33     372.47
    328.45     116.58
    431.25     349.24
    406.01     318.93
    364.71     299.11
     89.21     362.55
     96.97     303.83
    197.23      84.91
    386.12     160.92
    322.54     107.83
    387.73     242.05
    181.99     119.27
     76.56     409.62
    278.66     398.12
    163.19      86.47
    255.06     401.08
    103.62     391.50
     77.71     316.50
    326.65      89.25
    145.36     205.53
    108.51     274.98
    216.20     236.59
    315.12     106.16
    388.53     244.38
    352.95      92.18
    114.26     427.70
    334.28     185.75
    298.84      97.60
     95.84     287.65
    159.42     233.03
    193.93      68.27
    221.90      74.46
    392.13     279.90
    208.55     234.11
    111.02     300.26
    283.73     421.13
    308.64     341.27
    407.20     406.53
    431.98     441.89
    150.52     342.23
    298.83     182.20
    247.90     284.17
    325.47     330.55
    173.09     284.60
    431.12     289.24
    108.75      98.96
    317.97     321.63
    262.42     274.98
    361.71     373.47
    340.00      94.90
    369.03     207.00
    366.45     310.12
    105.25     221.72
    147.21     370.07
     90.67     146.93
    420.55     404.66
    315.29     158.10
    271.01     376.13
    343.83     389.02
    215.72     244.82
    190.30     406.38
    270.83     148.14
    131.91     175.71
    302.93     180.19
    338.73     148.99
    222.25     421.78
    400.06      73.20
    118.87     273.67
    288.75     417.61
    431.72     269.08
    107.40     281.32
    421.62     276.77
    102.47     438.96
    420.81     360.21
    384.26     134.16
     88.45     341.57
    170.43     141.81
    140.50      72.07
    436.22     382.97
    142.33     419.89
    332.62     154.66
    240.60     314.70
    408.21      91.41
    285.84     329.19
    274.56     106.10
    105.33     285.84
    256.13      89.28
    383.60     295.80
    407.82     216.60
    420.55     140.67
    174.47     199.16
    275.09     306.20
    337.48     169.48
    260.76     421.24
    426.26     139.34
    304.10     247.16
